[  3.08485693e-01   3.08485693e+00   1.54242846e+01   5.14142821e+01
   1.28535705e+02   2.57071411e+02   4.28452351e+02   6.12074787e+02
   7.65093484e+02]
[  3.08485693e+00   3.08485693e+01   1.54242846e+02   5.14142821e+02
   1.28535705e+03   2.57071411e+03   4.28452351e+03   6.12074787e+03
   7.65093484e+03]
[ -1.16646153e-01  -8.57975833e-01  -2.74745070e+00  -4.01674079e+00
   2.81171855e+00   3.13305782e+01   9.50628653e+01   1.97011572e+02
   3.22773813e+02]
   
[  0.30848569   2.31364269   8.6761601   21.69040026  40.66950049
  61.00425073  76.25531342  81.70212152  76.59573892]
[   3.08485693   23.13642695   86.76160104  216.90400261  406.6950049
  610.04250734  762.55313418  817.02121519  765.95738924]
[ -0.11664615  -0.64348187  -1.54544102  -1.69456252   0.88964532
   7.43489306  16.91914766  26.29787036  32.31382736]


[  3.08485693e-01   3.08485693e+00   1.54242846e+01   5.14142821e+01
   1.28535705e+02   2.57071411e+02   4.28452351e+02   6.12074787e+02
   7.65093484e+02]
[  3.08485693e+00   3.08485693e+01   1.54242846e+02   5.14142821e+02
   1.28535705e+03   2.57071411e+03   4.28452351e+03   6.12074787e+03
   7.65093484e+03]
[ -1.16646153e-01  -8.57975833e-01  -2.74745070e+00  -4.01674079e+00
   2.81171855e+00   3.13305782e+01   9.50628653e+01   1.97011572e+02
   3.22773813e+02]
   
[   4.35510099   32.28291172  129.77324571  327.19760893  583.13057487
  763.73724313  669.57308798  340.21274039   76.59573892]
[   43.55100991   322.82911719  1297.73245712  3271.97608928  5831.30574873
  7637.37243135  6695.73087977  3402.12740389   765.95738924]
[  -0.9675919    -2.01560662    6.88398396   50.04838636  145.06813021
  243.7344213   244.24636213  135.3570377    32.31382736]
